-1.359195255949162
-2.5178318613320583
-3.933229719772935
-4.868595413714647
-5.710545233339071
-6.49550138923526
-7.249708381719887
-8.013545524030926
-8.724637332469227
-9.453709677308797
-10.113531484574079
-10.766283432692287
-11.417149739414453
-12.051558350771664
-12.658621361523867
-13.221259996294974
-13.742406741440293
-14.32385398340225
-14.902045354068274
-15.45730867308378
-16.036910577476025
-16.618485830962655
-17.11549903994799
-17.686819902062414
-18.272849147200585
-18.831204597830773
-19.3806661554575
-19.939982209444047
-20.513211989641185
-21.117334174633026
-21.66363068795204
-22.234187735676766
-22.86649232208729
-23.43970470929146
-24.02743470871448
-24.595661998033528
-25.2024771938324
-25.756955304503446
-26.34067314171791
-26.883834188222885
-27.49447406959534
-28.013645596504208
-28.527094055771823
-29.096757588028904
-29.70228270959854
-30.290032031059262
-30.851662909865382
-31.465757506966593
-32.04034372031688
-32.617723331093785
-33.21751202058792
-33.779609334945675
-34.39127444529533
-34.99407749116421
-35.61316659832001
-36.15263784265519
-36.725595959186556
-37.27073970603942
-37.87312842988968
-38.44150861525536
-39.02991091394424
-39.617414124011994
-40.21833139896393
-40.82693776988983
-41.41577096581459
-41.992149003267286
-42.54951648926735
-43.133992879867556
-43.7045978102684
-44.29938769865037
-44.89178440713882
-45.48611797165871
-46.099224529027936
-46.71323568320275
-47.321960389852514
-47.90409079146385
-48.48982345104218
-49.07149118828773
-49.656304935932155
-50.259131685495376
-50.86149604034424
-51.44042026686669
-52.078934090375895
-52.66202317786217
-53.28676853179931
-53.90981364059449
-54.50528483033181
-55.089901304483426
-55.72375033593178
-56.35034841680526
-56.94575358557702
-57.5574108505249
-58.17378599524498
-58.74275437951089
-59.376568559885015
-59.930910730123514
-60.5235834915638
-61.10786887145043
-61.72739223575591
-62.3277094027996
-62.92242211365699
-63.51136525058747
-64.14140602874757
-64.73872064208985
-65.31543797683716
-65.88482141971589
-66.49624213266374
-67.12689173269273
-67.6999436326027
-68.28909367752075
-68.93079648256303
-69.58626288461686
-70.19146876382828
-70.80143662166596
-71.43795999860764
-72.0461173324585
-72.6915194001198
-73.33780332326889
-74.01170985126495
-74.66078069210052
-75.27434575271606
-75.93539710712433
-76.56972763729095
-77.22256228876114
-77.87814824056625
-78.53405168056487
-79.15327845287322
-79.81351468896867
-80.46629087114334
-81.09807455015181
-81.7055581188202
-82.33877645778655
-82.99158963966369
-83.63907990932462
-84.28304919862747
-84.94012680912017
-85.61372287464141
-86.27264211559296
-86.92412578392027
-87.58761867809295
-88.26049270439147
-88.90070333004
-89.5234016356468
-90.19307945537568
-90.7999873623848
-91.52537100076674
-92.19199879169464
-92.83330290317535
-93.46151400995254
-94.15237230300902
-94.80789829969407
-95.48764010095594
-96.15871715307235
-96.82587026643752
-97.46439880418777
-98.17038356304168
-98.82192193365097
-99.47948203277586
-100.15717532873154
-100.84682557630538
-101.54102522850035
-102.23503829717636
-102.93695964956287
-103.60158234930039
-104.3186059279442
-104.95606868839262
-105.62853088092805
-106.26494910669328
-106.9410543193817
-107.65116123008725
-108.3197164387703
-109.02255796575548
-109.71552389526369
-110.40141577720644
-111.0408977303505
-111.74394580411911
-112.40781870079041
-113.08295591068268
-113.74593467330935
-114.42709798908236
-115.09873674106599
-115.7874012064934
-116.48880492305756
-117.176705288887
-117.83401166439056
-118.51121876668932
-119.22371421480179
-119.86621562814713
-120.56842891216279
-121.28352533817294
-121.9535188770294
-122.6027058186531
-123.2958942937851
-123.9835061502457
-124.66095880413054
-125.32606607055662
-126.04089491796495
-126.72393943595885
-127.3547311873436
-128.01893574428559
-128.71138002538683
-129.393595946312
-130.06971141147613
-130.7687671895027
-131.47116383838653
-132.1749413986206
-132.86121683311464
-133.54206401872636
-134.21601646089556
-134.9138068151474
-135.63160208272933
-136.39068866539003
-137.12148328781126
-137.81735887956617
-138.51925612974168
-139.20845409631727
-139.88594572877884
-140.55305639696127
-141.25298134946826
-141.9127106990814
-142.61665953302384
-143.33294273376464
-144.03265693473816
-144.75181041526795
-145.47500511074068
-146.20776961755755
-146.9801208963394
-147.68821314907072
-148.37408642721178
-149.07477668523788
-149.79964036512376
-150.5203117017746
-151.26333297872546
-151.9275758919716
-152.61665933465957
-153.3444892191887
-154.00628349494934
-154.72079722595214
-155.436746840477
-156.18467018318177
-156.91541544675826
-157.65856728172304
-158.3591014342308
-159.08341159677505
-159.7662584748268
-160.50806574106215
-161.23109027910232
-161.9542488641739
-162.69420247888564
-163.43579387331008
-164.1344924607277
-164.8516440963745
-165.511872508049
-166.24787755107877
-166.96438290882114
-167.72416740226745
-168.4354311466217
-169.1331406288147
-169.89654532718657
-170.6146933116913
-171.33159514141087
-172.01760394096374
-172.74794749164582
-173.4456624298096
-174.20922812175752
-174.94226729679107
-175.64693715000155
-176.37380823230745
-177.04166860198976
-177.73280801010128
-178.40767359733582
-179.14461012172697
-179.8626628923416
-180.61180982112884
-181.36153943061825
-182.07631756687158
-182.8165707416534
-183.47967066001894
-184.19632662868497
-184.91214026546473
-185.61232817363737
-186.33346499443053
-186.98734118461604
-187.67177313804626
-188.3665497789383
-189.06584301948556
-189.7995144586563
-190.46838736438752
-191.14529091930385
-191.8773653354645
-192.6398208026886
-193.36236557960518
-194.12887328243255
-194.80689593887328
-195.48786860561373
-196.18792639446258
-196.82898289012908
-197.53874807739257
-198.24640999317165
-198.95543839550018
-199.69088236999514
-200.42963939285278
-201.15456410217286
-201.87577306842803
-202.57468268489845
-203.30611479091647
-203.9875896911621
-204.7068751955032
-205.4747756242752
-206.20649646282197
-206.97328101444248
-207.68440847682953
-208.36394271945952
-209.08173511314388
-209.7896560516358
-210.48923181247716
-211.18708442974085
-211.9132392683029
-212.61266096878052
-213.35705229949951
-214.07225822067258
-214.7601326313019
-215.47885071182256
-216.19283559799192
-216.91384100437165
-217.64232328891754
-218.3283057928085
-219.0596754322052
-219.75224444389343
-220.47715871238705
-221.21992166519166
-221.89768044853213
-222.57552493476865
-223.26706530952453
-223.9746195707321
-224.68642275047307
-225.4250553264618
-226.16046532535555
-226.8594559335709
-227.5820663814545
-228.28960941314696
-228.9840342607498
-229.6641381502152
-230.3670549707413
-231.06424322128296
-231.7915473775864
-232.45813306331635
-233.10119447422025
-233.83292658138274
-234.55954062271118
-235.28035427665708
-235.99662354660038
-236.68533656311033
-237.41540055656435
-238.10595096397395
-238.74932272243498
-239.45914120864865
-240.18139949417113
-240.84032689476015
-241.53925979518888
-242.22407106018065
-242.88693536949154
-243.61569173717496
-244.3155355272293
-245.01798233795165
-245.75346247482304
-246.43248745250705
-247.12776013469698
-247.85085786628727
-248.56565334129334
-249.29515703010557
-249.93959049510954
-250.6345444478989
-251.32458951377862
-252.06242428684232
-252.75555991458896
-253.50046232128142
-254.2131819410324
-254.92699047374728
-255.64953776168824
-256.3482771663666
-257.05668108272556
-257.7296789169311
-258.4471245212555
-259.13048134803773
-259.8343384103775
-260.4822613658905
-261.1650161085129
-261.8699385147095
-262.5684091310501
-263.25338914012906
-263.9349191455841
-264.624869588852
-265.3306868209839
-266.03127593898773
-266.6982723712921
-267.40102507972716
-268.1112640295029
-268.7662978038788
-269.4567709751129
-270.1312998113632
-270.8261973285675
-271.5002591791153
-272.2489489784241
-272.97679569816586
-273.6514306097031
-274.3699753456116
-275.09149654197694
-275.78346339035033
-276.4344975032807
-277.07567237472534
-277.77514884948727
-278.50440736866
-279.17270787143707
-279.8591543607712
-280.5420970716477
-281.2510014820098
-281.9985915584564
-282.7614033050537
-283.5059239292145
-284.1943096113205
-284.8850946731567
-285.60639321327204
-286.3067437725067
-287.01178611278533
-287.74289931201935
-288.4354238166809
-289.1436311388016
-289.8035750408173
-290.4866816711426
-291.1920526866913
-291.87797275066373
-292.5256423883438
-293.18164046478273
-293.82849342823033
-294.5258876485825
-295.2522385854721
-295.91982088565817
-296.60410681152337
-297.28582275962833
-297.93590409755706
-298.5963290147781
-299.2928817377091
-299.98644336986536
-300.6508734340668
-301.34449594020845
-302.05280066776277
-302.73903903293615
-303.477986413002
-304.165554506302
-304.8764850282669
-305.55998746776584
-306.2659156560898
-306.96625028514865
-307.6468402414322
-308.33526065635675
-309.0198526878357
-309.6904635038376
-310.3981610984802
-311.09041016578675
-311.7836906089783
-312.50000191879275
-313.19302075958257
-313.89340499782554
-314.5243116559983
-315.2095295190812
-315.94585648345947
-316.64171912860877
-317.37367708110804
-318.0922668619156
-318.73335664367676
-319.43671995735167
-320.17981083011625
-320.9350296812057
-321.6803317718506
-322.4161698932648
-323.09231739425655
-323.8340169887543
-324.5526005373001
-325.23566263771056
-325.9652222099304
-326.62790588855745
-327.33585205459593
-328.0652154531479
-328.74560112571714
-329.45359512710564
-330.13972915935517
-330.84125701045997
-331.58224444961553
-332.3342632989884
-333.08696849250794
-333.8024789571762
-334.5449266290665
-335.17550391960145
-335.84409502315515
-336.5335116405487
-337.2619533576965
-337.9222514076233
-338.60818435668943
-339.26818916893006
