-2.9137866529896854
-7.358303174853326
-10.67747433334589
-13.877689399182797
-17.042479635596273
-20.253973643004894
-23.24436745721102
-26.224253757834436
-29.132834552049633
-32.11075363147259
-34.97357912456988
-37.728513602256776
-40.559435136437415
-43.28421078717709
-46.0350466657877
-48.86427536094189
-51.63334317874908
-54.49180297648907
-57.25390403580666
-60.10354871702194
-62.93304521512985
-65.70916607391834
-68.53491959929465
-71.33556220269203
-74.09899650752544
-76.84032040381432
-79.65231703162193
-82.4168606095314
-85.15511609339714
-87.93100159406661
-90.67913724803925
-93.49292445850371
-96.33365289616584
-99.19235271692276
-102.11361479401589
-105.04658057188988
-107.83124207925799
-110.7526538248062
-113.68309871816633
-116.60429968833924
-119.54003218078614
-122.47228996133805
-125.38128440332413
-128.3089105501175
-131.27823233366013
-134.22088965177537
-137.13248888731002
-140.09149859714506
-143.18595697307586
-146.29686515760423
-149.3115445575714
-152.21911903333663
-155.20800061082838
-158.30473331165314
-161.47695039033889
-164.69763234329224
-167.81771027278901
-170.98867349052435
-174.17522767066959
-177.40175842952726
-180.65518454647062
-183.83871123409278
-187.06823218154906
-190.3193061122895
-193.63209015846252
-196.9201352405548
-200.23844096279143
-203.6306566619371
-206.94744766606783
-210.3578220697202
-213.65859047312478
-217.0623637235541
-220.45423242769743
-223.76166998250864
-227.22601247922998
-230.69042523614982
-234.12146727075077
-237.54757004165648
-241.12990547712224
-244.61441482001857
-248.16446871150168
-251.65946012125514
-255.2010131943853
-258.7234324435685
-262.3314086648038
-266.0626991839158
-269.81302992870934
-273.46641759897534
-277.2017941077383
-280.84065870807046
-284.64443479367304
-288.4237624373687
-292.21614690103024
-295.95545234293684
-299.72573647187886
-303.4821533900813
-307.33166039717827
-311.2300984316374
-315.04608695331376
-318.7362279146094
-322.54715119060717
-326.41920519106014
-330.30856511176256
-334.15701795457534
-338.17389975989494
-342.1980310327631
-346.07695870439636
-350.0012270649358
-353.9276000209608
-357.93175621243523
-361.9102985867951
-365.87386918579904
-369.8878251106864
-373.9359682221664
-377.99182429504384
-382.00096004044383
-385.9676421699523
-390.0287591404161
-394.12756769893036
-398.23840139439244
-402.25568365990483
-406.37248150725105
-410.51734453281597
-414.54084398490517
-418.7698205242157
-423.0215502577331
-427.1113604327754
-431.2280546785656
-435.4239334933632
-439.7049087249354
-444.02388420888
-448.2962989463806
-452.56213510764275
-456.94949320150675
-461.28147283433617
-465.64780182266236
-469.94395399204046
-474.28966328400065
-478.5731873424931
-482.97891601030443
-487.4037759821038
-491.8044309636167
-496.1698683859173
-500.5362568227868
-505.0144471018941
-509.5492928632435
-514.12097654955
-518.604633062965
-523.2533256917251
-527.7681722068786
-532.2637668118729
-536.8179432344939
-541.4008890550514
-545.8906488748852
-550.407221931056
-554.980503102955
-559.4653153543975
-564.0564208073866
-568.6483954197734
-573.2044373780301
-577.7767541782981
-582.4423870647832
-587.0846365584323
-591.7257780724576
-596.4621667101007
-601.1953701417823
-605.8751636407751
-610.6270674525813
-615.270361176842
-620.0195343241439
-624.7613342207859
-629.5026771917845
-634.3019488369791
-639.1138579479017
-643.9990878078058
-648.784196230537
-653.5981892973247
-658.4346867400723
-663.4712165011355
-668.4431403068743
-673.3537577820829
-678.2748528048866
-683.1884693489076
-688.1099507843818
-693.0853514204526
-698.0765047663637
-702.96365257474
-707.9893242430435
-712.9627528872239
-718.0030273496727
-723.1389503331436
-728.1566672751779
-733.2181146084637
-738.3048004805917
-743.4090053612558
-748.5907482285752
-753.7415602294521
-758.9442513734919
-764.0620953295859
-769.145994043551
-774.3510938002936
-779.5504191689741
-784.7981883180516
-790.0260507493269
-795.2256594399903
-800.4766343061546
-805.6794706440976
-810.9558177200117
-816.2420578669497
-821.484971667641
-826.7499753284451
-832.0515481945839
-837.2681106140739
-842.5630062745747
-847.887647312566
-853.2224145170511
-858.574061096091
-863.8355973676382
-869.2780356995434
-874.6363606072475
-880.0373876353817
-885.4276540785336
-890.8382617673373
-896.1907091049396
-901.6989786720276
-907.2328099479678
-912.7100252920453
-918.2502204167216
-923.6674531920585
-929.1775102547092
-934.7444503073443
-940.3011482286954
-945.8077904562699
-951.3188066900153
-956.8864164053266
-962.4304822345533
-967.9858646461084
-973.6005059416924
-979.1646756686162
-984.7560831172341
-990.4586234351709
-996.0164616649026
-1001.5739724141171
-1007.1825742287886
-1012.7648398311011
-1018.6334596439161
-1024.2300962654915
-1029.8719399681092
-1035.6346011370608
-1041.2240126228335
-1046.9081420075265
-1052.5927174347325
-1058.292742700075
-1064.091264841983
-1069.8654626159666
-1075.6095149313273
-1081.343911938316
-1087.1027405789023
-1092.8031432565388
-1098.5947901253953
-1104.4014597886737
-1110.2371583804081
-1116.0867193699885
-1121.894210978257
-1127.7056275831526
-1133.4995751645943
-1139.3223794720298
-1145.1090134365686
-1151.0290336727344
-1156.9474116809245
-1162.7928204225238
-1168.7565367548088
-1174.7084217354623
-1180.5944609905046
-1186.5717958883988
-1192.4772540263127
-1198.439913176687
-1204.3660370696218
-1210.3619350610031
-1216.3693608117355
-1222.3645825343883
-1228.350022022448
-1234.3486068350137
-1240.3519060297513
-1246.4667053294934
-1252.5359960764833
-1258.5870100776272
-1264.6298639548452
-1270.7314082505077
-1276.8659869643761
-1282.9391810824745
-1288.989163245954
-1295.022974213851
-1301.0685715366164
-1307.1837833111413
-1313.2866195799177
-1319.3997005366277
-1325.5724022234865
-1331.779922287991
-1337.9066090814695
-1344.07364790023
-1350.2464589203287
-1356.4132075076857
-1362.6261432922763
-1368.8694430098285
-1375.1201222455877
-1381.337608532956
-1387.5180209402786
-1393.7746446049339
-1400.0890256881714
-1406.3855197587263
-1412.6404627165546
-1418.8774866389224
-1425.1725393080465
-1431.407656800722
-1437.6854304893893
-1443.9924330024721
-1450.2282434174383
-1456.6100327469676
-1462.8866053876377
-1469.2151217360245
-1475.5186160218086
-1481.7953784763936
-1488.0914239353378
-1494.3886781808949
-1500.6514275749607
-1506.9614907915216
-1513.2800784086933
-1519.609730787779
-1526.015808188589
-1532.3477966115852
-1538.6453039992484
-1545.0622320805599
-1551.4067759802967
-1557.8511922027187
-1564.1742619412066
-1570.5193130025357
-1576.9572152199999
-1583.39575963974
-1589.9005273094174
-1596.3443064049166
-1602.7764250496311
-1609.1637408945185
-1615.623580311424
-1622.044805686951
-1628.442969159377
-1634.8819449671696
-1641.3561129586067
-1647.8415379618593
-1654.302421128323
-1660.832353391346
-1667.3766536509866
-1673.859595378675
-1680.3905170079283
-1686.9022066355255
-1693.4413163670997
-1699.9719145182562
-1706.5180632227846
-1713.0796275966038
-1719.6462891825622
-1726.1824617034508
-1732.6196170547887
-1739.1102528883282
-1745.6725532425328
-1752.2579698841698
-1758.749421315846
-1765.2678128138089
-1771.8527696426793
-1778.372022782978
-1784.9752926531337
-1791.5684747997082
-1798.0764505978632
-1804.650417673412
-1811.2157482311848
-1817.8053233343421
-1824.3853267406664
-1831.0095621247542
-1837.6598681383634
-1844.2959147718327
-1850.9331752447827
-1857.532950627779
-1864.107980732767
-1870.7245110612168
-1877.4086944941469
-1884.107641995681
-1890.7168230717311
-1897.3252273706132
-1904.0064479406255
-1910.6867017531144
-1917.3303929925214
-1924.0355294085052
-1930.6248713366858
-1937.2789971887687
-1943.8204635758648
-1950.4785526478418
-1957.1230584497953
-1963.7948792236725
-1970.4747679455409
-1977.2076061130324
-1983.925055750596
-1990.6640688603047
-1997.3819179986656
-2004.1463245927914
-2010.8795110339113
-2017.6567205627844
-2024.4321745432799
-2031.1542940087568
-2037.9190486709194
-2044.7576705790066
-2051.5401574905795
-2058.3072570951363
-2065.0343023888436
-2071.929838409022
-2078.653496923748
-2085.497715210965
-2092.3576604094255
-2099.7410053200974
-2106.6306963778047
-2113.5932834836053
-2120.4595183784086
-2127.3668456993105
-2134.2624954940393
-2141.182594822332
-2148.1238895594947
-2155.0444933529907
-2162.2654661748784
-2169.1921386881377
-2176.1323193526014
-2183.032999889775
-2189.9642911505453
-2196.974455550746
-2203.979605203528
-2210.9998205737065
-2218.0559839100083
-2225.0706231661347
-2232.160400995556
-2239.165933060094
-2246.1891935565345
-2253.222905534242
-2260.215750536266
-2267.3151464853786
-2274.3537780115234
-2281.4240911556044
-2288.4523446065
-2295.5269283925104
-2302.6267587460966
-2309.6431826643693
-2317.0136922281054
-2324.135302314446
-2331.214806960323
-2339.1800137204623
-2346.5618490595625
-2353.674711135085
-2360.7994877738597
-2367.970058373938
-2375.1394347511978
-2382.2693110898613
-2389.418899171575
-2396.5657036476728
-2403.6817340147886
-2410.8232321034952
-2417.986951024909
-2425.146338268953
-2432.288567554722
-2439.4334377453215
-2446.582878593138
-2453.7516284018125
-2460.9045041802
-2468.0664648808342
-2475.241761353153
-2482.4497417436014
-2489.6900280210657
-2496.8434386374647
-2504.0575534434834
-2512.3608301395852
-2519.539976114161
-2526.767640307943
-2533.963013386942
-2541.1387357796584
-2548.3348806982835
-2555.5547668279883
-2562.8037324879415
-2570.053257370231
-2577.271636042592
-2584.481276712778
-2591.646160792962
-2598.914665110656
-2606.171626764846
-2614.1713130494113
-2621.697748948041
-2628.965216453954
-2636.25806651677
-2643.52805697783
-2650.830106262278
-2658.0507081904693
-2665.331134223394
-2672.6156104025827
-2679.8851909115206
-2687.2391995423736
-2694.4915118373956
