-2.877584668755532
-7.099986289203166
-10.224550011873246
-13.327873277604578
-16.21295727598667
-19.225870685279368
-22.176508649766447
-25.076928002953533
-28.033744592666622
-30.845890813231467
-33.68350632381439
-36.436748820900924
-39.16142016780377
-41.87736216652394
-44.586136239290234
-47.288215638637546
-50.103903059363354
-52.830446209907535
-55.49961300230027
-58.19189935994149
-60.93090902590751
-63.729393308520315
-66.42674316906928
-69.18123363995552
-71.86127884435653
-74.61771355938912
-77.43548387956618
-80.22729019761084
-82.87865840244294
-85.63823688030244
-88.40323526191713
-91.28622391414645
-94.01547022843363
-96.71539118576051
-99.58593508553506
-102.4141971321106
-105.2838148202896
-108.11002553987501
-110.9488483862877
-113.80077006673811
-116.6843932709694
-119.63262528944014
-122.50980591154097
-125.34753367710114
-128.2423278865814
-131.1991290564537
-134.21583831739426
-137.06523030471803
-140.03473706197738
-142.99442190790174
-146.00443240356446
-148.88091683006286
-151.87010193014146
-154.91542731571198
-157.92834662103652
-161.0023774576187
-164.08389815187454
-167.1969806280136
-170.15390094947816
-173.28444668197633
-176.35525499773027
-179.37505810070041
-182.49197833490373
-185.5878569335937
-188.77198738002775
-191.9347864494324
-195.14792617702483
-198.30874371433254
-201.5557420101166
-204.90434388971326
-208.16231945562362
-211.38203481626505
-214.62120755290988
-217.855359375
-221.1523761777878
-224.50719956874852
-227.91777234745027
-231.30158590888982
-234.6450418157578
-238.05956819534305
-241.45109486961363
-244.8353006820679
-248.26503318119052
-251.75740568447108
-255.19021053981783
-258.6369185848236
-262.0878552350998
-265.5462075452804
-268.93421088981626
-272.46140100097654
-275.98044247913356
-279.5457533292771
-283.0911432323456
-286.59664039421085
-290.19403220367434
-293.8632320785522
-297.4474797286987
-301.10422821807856
-304.70792750930786
-308.42263457870484
-312.0521152057647
-315.7693960762024
-319.454891778946
-323.06412210464475
-326.7573985157013
-330.63938549613954
-334.39561471366886
-338.26208345413215
-342.05327553749083
-345.8404624500275
-349.5967493076324
-353.43632726860045
-357.3904013843536
-361.39345115280145
-365.2033014430999
-369.10569126510615
-372.9714745311738
-376.82088598823543
-380.90590192604066
-384.9493851451874
-388.948740995407
-392.88922722816477
-396.8190121936797
-400.80414662170415
-404.73403025817873
-408.74873123550407
-412.7817039222718
-416.75804950523377
-420.7374899196625
-424.79599022865295
-428.7984790287018
-432.8711630897522
-437.0005905723572
-441.09011955833444
-445.2311595191955
-449.3424291858673
-453.5840895423889
-457.7290130138398
-461.8868292789459
-466.0121186447143
-470.2718662242889
-474.4796582202912
-478.72959491157525
-483.0229879703522
-487.4286307754516
-491.75357019996625
-496.181659128189
-500.4830683803559
-504.93340011405945
-509.33005421257025
-513.8886420459747
-518.408624174118
-522.9119661121368
-527.3735874042511
-531.9370098762513
-536.5234274272918
-541.0000505237579
-545.5283576774597
-550.1022285118103
-554.6592122917176
-559.2560771446229
-563.814714691162
-568.4602527923585
-573.0180565261841
-577.6906174888611
-582.3468660202027
-586.97798072052
-591.6235809631347
-596.318121055603
-600.9609169158936
-605.6577885169983
-610.3429511451722
-615.0513498420715
-619.7639841918946
-624.4448682212828
-629.2646192245483
-634.0495813064575
-638.8705116767883
-643.765722896576
-648.7113609733583
-653.615331363678
-658.3655128593446
-663.3672407112122
-668.367167980194
-673.3535245628357
-678.3570251235961
-683.4066097946165
-688.3622066040039
-693.3346217155455
-698.2996565551757
-703.3061541481019
-708.2724205207824
-713.208339717865
-718.3227865982058
-723.4024625320434
-728.4194458045959
-733.4639412422181
-738.4493480339052
-743.5363949432374
-748.5022868156433
-753.5400366516113
-758.6271695861818
-763.7552102470399
-768.9495604400635
-774.1015585861205
-779.2417937164307
-784.8003028692947
-789.9753720699109
-795.1501234271399
-800.3659062584325
-805.5531144146166
-810.7586344100553
-816.0410684346652
-821.3036389212357
-826.5968704374213
-831.9573318915117
-837.33463030524
-842.6438497936853
-847.9471976278203
-853.3383067588805
-858.6784742176659
-864.0290115133586
-869.3659751904136
-874.7051304024144
-880.1415321253725
-885.5978391759772
-890.9941535164683
-896.4158180351257
-901.9206780815123
-907.3450573917189
-912.8346317265158
-918.3028803104603
-923.7987508645307
-929.3165594442268
-934.8396556974711
-940.444751755564
-946.0710413025304
-951.7467911527533
-957.3572667910927
-962.9697097176
-968.6279132565951
-974.2757585730302
-979.8837874087285
-985.5059776585227
-991.1345165254693
-996.7235403259679
-1002.294658014197
-1007.9469240198638
-1013.5538988790009
-1019.3462548376384
-1025.0720490270915
-1030.8416046437715
-1036.5626153656808
-1042.269188692394
-1047.9517602179676
-1053.6175131307903
-1059.370891882244
-1065.1078749243084
-1070.9108068668968
-1076.726175574654
-1082.5575923225003
-1088.500745779138
-1094.3623939887598
-1100.1894313523144
-1105.9776660083971
-1111.833776571374
-1117.6657014947189
-1123.5455101980913
-1129.4052563538803
-1135.2481527689886
-1140.9950410063893
-1146.8471641379908
-1152.6566510168375
-1158.5453881733542
-1164.472157546194
-1170.3619944927818
-1176.313211982727
-1182.2927590522766
-1188.2215537976717
-1194.2223454790617
-1200.1787923740587
-1206.1008821308737
-1212.2324110025104
-1218.3113713326704
-1224.3342031733862
-1230.3647734806664
-1236.4017997291965
-1242.5684674640454
-1248.639102662538
-1254.7037312885084
-1260.8154435292295
-1266.9734821287454
-1273.0615905687432
-1279.1556124530593
-1285.259230675346
-1291.3445449106316
-1297.566280610737
-1303.8049187752574
-1310.0196331989891
-1316.175161510066
-1322.4695817393251
-1328.677455321864
-1334.8907250269838
-1341.1644997488327
-1347.6216298854224
-1353.919686111651
-1360.193054683284
-1366.4743244972228
-1372.764040473938
-1379.0349490362469
-1385.4342965860865
-1391.7445351923895
-1397.96289222135
-1404.2437092323305
-1410.5720511480633
-1416.9109375242936
-1423.2469949939125
-1429.5993961992763
-1435.9022929565028
-1442.1724798499658
-1448.4966116031846
-1454.8192916741623
-1461.1806976432802
-1467.5877521587172
-1473.9815094801254
-1480.4110378775345
-1486.8871904559887
-1493.4282279990348
-1499.8931456561843
-1506.2635137531886
-1512.728613614534
-1519.1787669493021
-1525.656030991404
-1532.1149474945069
-1538.5425750808718
-1544.9920586766696
-1551.463053602319
-1557.924875041761
-1564.364225144236
-1570.8412014495448
-1577.321221587131
-1583.7451248733123
-1590.1817300210248
-1596.6047944813781
-1603.122861391971
-1609.6696671002037
-1616.2769358642981
-1622.8022020516646
-1629.3235062741733
-1635.7669769905497
-1642.292942173807
-1648.8376033264963
-1655.3562975987886
-1662.0040583293312
-1668.4401094123436
-1674.936497273094
-1681.4397558591745
-1687.9276531500568
-1694.4783726646021
-1701.0151210329159
-1707.5880834609588
-1714.1705738876742
-1720.7297235922563
-1727.3383034166036
-1733.90581632313
-1740.4830638070355
-1747.0800823372288
-1753.730944536109
-1760.315235090356
-1766.8873961852225
-1773.5375293522884
-1780.2240749517744
-1786.9002237849988
-1793.6066557669392
-1800.299181508315
-1807.0715320691559
-1813.8084353175916
-1820.4959845964531
-1827.2415673659477
-1833.9947737896568
-1840.7351729579723
-1847.5008907452636
-1854.1536545659112
-1861.3140887025531
-1868.9437184394035
-1875.5874903512254
-1882.3235624807257
-1889.0426704734
-1895.8695539454409
-1902.58348624119
-1909.3746911781711
-1916.156445775886
-1922.9143580065274
-1929.6757248834308
-1936.4487873902567
-1943.2253983399244
-1950.0053601951604
-1956.8240159815741
-1963.6193383760956
-1970.4240908448066
-1977.2184711558696
-1984.006970400961
-1990.7798563348872
-1997.586639466336
-2004.415585132398
-2012.1988132615338
-2018.95709105843
-2025.7901507504112
-2032.6003221722651
-2039.3951886845641
-2046.2840951963726
-2053.090665654233
-2059.906809825094
-2066.7479317072816
-2073.5570783819903
-2080.3436382875943
-2087.2079460280574
-2094.0809023194565
-2100.9174178623402
-2107.7456147444877
-2114.5946011734013
-2121.4180792601733
-2128.314419315137
-2135.1961047624286
-2142.096129611367
-2149.006879229696
-2155.915648575632
-2162.7826740445594
-2169.676899504411
-2176.559644114846
-2183.5330597449856
-2190.456564033709
-2197.372203133232
-2204.373423830735
-2211.368690501765
-2218.339203266947
-2225.3544893359135
-2232.292204360761
-2239.2386415503656
-2246.231032125373
-2253.2079834072715
-2260.169480643423
-2267.1581279887146
-2274.2166612030833
-2281.2328057630443
-2288.3070627806815
-2295.3843748996132
-2302.437477530429
-2309.4392796990246
-2316.4090213697336
-2323.4577281096613
-2330.5464651312573
-2337.567056991176
-2344.600798246685
-2351.673342649761
-2358.801527251595
-2365.889421783046
-2373.038909909499
-2380.0919366296466
-2387.1879150336413
-2394.9202351787862
-2402.007533307795
-2409.1082447469166
-2416.216777274885
-2423.3743074024715
-2430.502964379941
-2437.6010891064875
-2444.7436313738235
-2451.877394726513
-2459.01469157867
-2466.1399859430194
-2473.249913315399
-2480.409715191735
-2487.4819592121635
-2495.2510590114707
-2502.4788362343547
-2509.679829440111
-2516.9310742131283
-2524.1841247319007
-2531.3435345933704
-2538.538172253012
-2545.7386344212987
-2552.98290862292
-2561.602089620133
-2568.7778820228355
-2575.9861188588284
-2583.2455921906585
-2590.531154753434
-2597.791176120267
-2605.1413184213916
-2612.4534834232445
-2619.6815837646836
-2626.9517696277994
-2634.1847153577746
-2641.4303653015895
-2648.6768152454442
-2655.927934641765
-2663.1818072129854
-2670.4355054191674
-2677.691744694894
