-3.011080533787608
-7.283913960635662
-10.619521149277686
-13.533169292867182
-16.593499163746834
-19.72304046022892
-22.64986668109894
-25.64469259119034
-28.598828108787533
-31.415161061406135
-34.28191450357437
-37.09139516162873
-39.91621567845345
-42.7004671061039
-45.5811959348917
-48.30289959418773
-51.081788564920416
-53.81905283105373
-56.47522005331516
-59.17091101431847
-61.87380287957191
-64.65029211580753
-67.37446055006981
-70.03214627277852
-72.70986412858963
-75.39553123068808
-78.09071357536317
-80.8514716684818
-83.65047099328041
-86.5005086092949
-89.31980123162269
-92.1619977941513
-94.93644392466545
-97.66862642908096
-100.4891405005455
-103.31500551819803
-106.18411914086344
-109.01459119415281
-111.79497506976126
-114.66802760529518
-117.56189686059953
-120.3800344927311
-123.24693494629862
-126.17531477451323
-129.2107204170227
-132.2080754778385
-135.14809422826767
-138.13606760764122
-141.19022268366814
-144.14109871530533
-147.1920185711384
-150.28371348309517
-153.29957365322113
-156.40815077638626
-159.55731268930435
-162.68007398223878
-165.71361223697662
-168.74883974409104
-171.77380475997924
-174.9905599622726
-178.09147303009036
-181.10601262283325
-184.1835547466278
-187.29069593191147
-190.44386779594421
-193.53028529453277
-196.64889427661896
-199.78670853710176
-202.99496119499207
-206.05391823101044
-209.26569713115688
-212.52370913887026
-215.80248124599453
-218.97085009002686
-222.18796386337283
-225.46991811084752
-228.73623807144165
-231.99259847164151
-235.27510297870634
-238.58221480846404
-241.9579346590042
-245.37304076004023
-248.7729772615433
-252.07458505630495
-255.4450171394348
-258.9658710021972
-262.399023112297
-265.77008901691437
-269.3588164367676
-272.7809716310501
-276.3557817287445
-279.7902655706406
-283.32278717422486
-286.86735011196134
-290.43539376544953
-294.0572025346756
-297.59618341159825
-301.2106065073013
-304.7820961074829
-308.324010228157
-312.0012573127747
-315.6036318464279
-319.18229820346835
-322.81553373718265
-326.5337649965286
-330.2752375564575
-333.99327277278906
-337.8222793111801
-341.63275582790374
-345.4480255498886
-349.2401362609863
-353.00765700912467
-356.7793848104477
-360.617029390335
-364.44621996879573
-368.18735411739345
-372.0335196247101
-375.87250217437736
-379.6587208976746
-383.6102768964767
-387.5508258066178
-391.51392210483544
-395.52999743461606
-399.47316564846034
-403.59130731582644
-407.64174770164493
-411.8128445625305
-415.90317205238335
-420.05205210495
-424.1643650836944
-428.303212677002
-432.52073064804085
-436.748954788208
-440.95187203025824
-445.1066349430085
-449.2716388416291
-453.5537637062073
-457.8830330963135
-462.217517496109
-466.4237716255188
-470.71427519798294
-475.03786067390433
-479.33544659996033
-483.6993171005249
-488.03426666069026
-492.3944851932527
-496.77748374366763
-501.16744567871086
-505.6771607913971
-510.1437151985168
-514.5695305652617
-519.0286174240114
-523.503225780487
-527.9703021087646
-532.4955824565887
-536.983762462616
-541.5680877685547
-546.1487978496552
-550.7201194057463
-555.3815774135588
-559.8794505138397
-564.5793815345764
-569.2563238830567
-573.7582279682159
-578.3749679183959
-583.0337212238313
-587.700691871643
-592.4104637298584
-597.1000748691558
-601.7241606063842
-606.4875751075745
-611.1232723159791
-615.7941864318848
-620.4381490058898
-625.1864005680085
-629.9135335350037
-634.6252606163024
-639.3161273899078
-643.9969662456513
-648.757323928833
-653.5228725471496
-658.2710249366761
-663.174445179086
-668.0875989161041
-672.927240161193
-677.7972292534678
-682.6223490699967
-687.4563294485996
-692.3592577128159
-697.2709190325486
-702.14492650283
-707.086584056754
-712.0388534867135
-717.032197967931
-722.0176745116584
-727.0671317624543
-732.0485638406651
-737.0665658089487
-742.1708932265232
-747.2601095518814
-752.3285628008591
-757.4063507009807
-762.5354438197487
-767.744731233396
-772.9729798783754
-778.1364168264491
-783.2908658392054
-788.5190595770384
-793.655511248438
-798.7885562869624
-804.0037044643603
-809.0694605337444
-814.2622951354981
-819.4192575694636
-824.6641461539017
-829.8666526918913
-835.1706298976698
-840.4701067759867
-845.7645969960063
-851.1039167232511
-856.476538697795
-861.8002837437078
-867.2001062970413
-872.62207989512
-877.9419049079294
-883.2581602710924
-888.6346269391713
-894.0101532560648
-899.4137756041478
-904.8159218005131
-910.1793845487894
-915.6234901721353
-921.0299051561857
-926.5452746312994
-932.0968128702265
-937.5238516026548
-942.886672301744
-948.3093133775812
-953.835044637981
-959.3482921874398
-964.9090858362096
-970.3901792191957
-975.9061721694344
-981.434217352315
-986.883886712225
-992.368144114645
-997.9332619952152
-1003.413819505792
-1009.0112723312378
-1014.6034817633378
-1020.1980775674518
-1025.7899615002682
-1031.3616663063451
-1037.0299177679765
-1042.7658590935157
-1048.4488609121222
-1054.12121237022
-1059.7613514988548
-1065.457926344219
-1071.1358545712924
-1076.776858432569
-1082.517581497594
-1088.3052935301127
-1093.9018021728114
-1099.7243989372253
-1105.5046212891027
-1111.3505271947759
-1117.0858907617267
-1122.9521487482975
-1128.7630956133792
-1134.5150179367065
-1140.4026081209686
-1146.2415905069051
-1152.0774970737257
-1157.8027490951135
-1163.6237041983354
-1169.5075702661213
-1175.3390619516877
-1181.1986282274347
-1187.0360661303873
-1192.9204861895912
-1198.7519368272078
-1204.6040187960173
-1210.5153788124887
-1216.397913677015
-1222.359812335165
-1228.2006701262624
-1234.1742830127916
-1240.1109055802197
-1246.5528106942427
-1252.478027694903
-1258.4790555542395
-1264.3805499173213
-1270.3776829123246
-1276.4520212866128
-1282.5131124179236
-1288.5621866499248
-1294.673070567081
-1300.7794706595569
-1306.8503490265293
-1312.930917855514
-1319.6168293073556
-1325.6995140894837
-1331.7873360121878
-1337.9958938287436
-1344.1662343840349
-1350.284025070592
-1356.4504644490291
-1362.5773167282905
-1368.7120082264948
-1374.9142116440219
-1381.0987867473802
-1387.258376118309
-1393.3962835827876
-1399.5728475636934
-1405.8204172708608
-1412.0403020425092
-1418.30149316346
-1424.5685528401827
-1430.8835374484815
-1437.1369074267338
-1443.397750962508
-1449.6026873197056
-1455.8985049599096
-1462.1981513344615
-1468.571986301422
-1474.8282646510474
-1481.1222821713495
-1487.4972147415565
-1493.8078393404107
-1500.141433008696
-1506.491306383635
-1512.7823805385387
-1519.1818813546834
-1525.6205968443217
-1532.0582325403313
-1538.471622696525
-1544.9311694496555
-1551.3257886988993
-1557.6954615171333
-1564.1805586035878
-1570.6222585503426
-1577.0775215560511
-1583.5309225429735
-1589.9054048959833
-1596.3512513257072
-1602.8066119177972
-1609.2742302956833
-1615.738449580544
-1622.1289550349588
-1629.2838403836304
-1635.8211711062384
-1642.2456852977152
-1648.7450071043716
-1655.1918031833045
-1661.677956892716
-1668.1323999208148
-1674.671539034994
-1681.2430914724248
-1687.8063555544802
-1694.3118253211971
-1700.8042719397292
-1707.314216388903
-1713.823674124065
-1720.3581443021676
-1726.8784927181443
-1733.3356396299664
-1739.8287990644355
-1746.3716707432397
-1752.9191151410153
-1759.4552271128202
-1765.9321918106082
-1772.5015345960917
-1779.0809928263611
-1785.6843513125368
-1792.1888570801582
-1798.7793644885012
-1805.3277005544965
-1811.9283724353193
-1818.5085610303377
-1825.0271376447176
-1831.5984546376278
-1838.22476758977
-1845.2301791771336
-1851.8230388352242
-1858.4188356772972
-1865.087049227865
-1871.0175403089024
-1877.6686848365384
-1884.3021660246602
-1891.0296007847032
-1897.7211836176418
-1904.4889880599978
-1911.212650473143
-1917.9369327336358
-1924.7164540419326
-1931.463618983419
-1938.20147299616
-1944.9521396193254
-1951.7220699388613
-1958.5102240484132
-1965.2849816948737
-1972.0317250133314
-1978.8307339955381
-1985.50325082277
-1992.2576591501738
-1998.9690431223414
-2005.779362404271
-2012.5756109536824
-2019.421589515285
-2026.1543388575506
-2033.0513385989536
-2039.8203554518848
-2046.7109610920954
-2053.5512298084054
-2060.3134814949035
-2067.16954738637
-2074.0593846031993
-2080.9315912467555
-2087.772316013537
-2094.6450360796075
-2101.506238585622
-2108.3490067909643
-2115.249008383299
-2122.1577227757098
-2129.079182513588
-2136.0314119449417
-2142.9293971951133
-2149.8870173532587
-2156.7712995982924
-2163.7683506307094
-2170.7458908171407
-2178.5207057601524
-2185.496997340754
-2192.4890822019074
-2199.3668045475606
-2206.357623364298
-2213.3391263226963
-2220.317175851119
-2227.3462412611307
-2234.3180169119582
-2241.322912776746
-2248.254436155821
-2255.228412813087
-2262.233009820637
-2269.2125802218784
-2276.219319378903
-2283.2121969981945
-2290.288743784052
-2297.3270364652935
-2304.3990535946896
-2311.402462904077
-2318.445104959789
-2325.4593470458985
-2332.456699942338
-2339.5356489382293
-2346.643271721689
-2353.696680672495
-2360.8061556370385
-2367.894281313645
-2374.948465970692
-2381.9910702884076
-2389.1190379787245
-2396.1745697553533
-2403.218152767583
-2410.3691594738207
-2417.4303598859688
-2424.5467136057805
-2431.5933178801283
-2438.731908454494
-2445.7894293935674
-2452.904109277022
-2459.961979818244
-2467.1578895721436
-2474.2600444594937
-2481.442250271245
-2488.5857873697787
-2495.7636464402044
-2502.966142214725
-2510.057247886658
-2517.2667017396625
-2524.4060992606314
-2531.619573785481
-2538.8629294469733
-2546.0474589084824
-2553.268971715225
-2560.42639660504
-2567.58121650234
-2574.843751707378
-2582.779563665691
-2590.019212722377
-2597.2115911921455
-2604.4020607512625
-2611.7341170851055
-2619.002193504735
-2626.208576356185
-2633.4320866297667
-2640.6873264230426
-2647.9125066510255
-2655.1859487236425
