-1.6306918806955215
-3.0581350736021995
-4.0894617528021335
-4.918534258931876
-5.728994104400277
-6.504301526516676
-7.275297353625299
-7.996036209166051
-8.63169459438324
-9.3177732681036
-10.040110624492169
-10.677100459516048
-11.297434243917467
-11.89228058171272
-12.487731797218323
-13.086173849701881
-13.696767831563948
-14.258292341828346
-14.864281036019326
-15.408603340983394
-15.988221446633338
-16.579835612893106
-17.197677541613583
-17.78627907419205
-18.379262584686273
-18.964117172598836
-19.58693501162529
-20.165056089162828
-20.779313952565193
-21.370663950085643
-21.950631031036384
-22.594841805458067
-23.205338964700694
-23.80720350170136
-24.382225719928737
-25.01785591983795
-25.65068924427032
-26.272875226974488
-26.858631482124327
-27.483776059627534
-28.078467128276824
-28.69923422837257
-29.343716061353685
-29.954765164375306
-30.53621808075905
-31.146140850305557
-31.75314764022827
-32.396108269691474
-32.99666440153121
-33.64712710905075
-34.3182551009655
-34.89492132496834
-35.50923211574555
-36.108124068260196
-36.684543393135066
-37.291390336036685
-37.91698703861236
-38.53365186214447
-39.145200179576875
-39.76139822483063
-40.369916384696964
-40.9734355301857
-41.588265739440914
-42.21422946739197
-42.80152146148682
-43.36493754482271
-43.95401701307296
-44.56551011371613
-45.14632503366471
-45.7027955174446
-46.31867596960066
-46.9128834886551
-47.52421283626555
-48.1209147734642
-48.719626557827
-49.30378314352034
-49.88510409975052
-50.501599311351775
-51.069118966102614
-51.68498852252959
-52.23211180686952
-52.82431700897216
-53.39923583269119
-54.042451145172116
-54.62801469898223
-55.25241441440582
-55.85346077919005
-56.47249769020081
-57.07370012569427
-57.62774047756195
-58.256949156761166
-58.862794285774235
-59.43796669960023
-60.03687425994874
-60.65451770114898
-61.25603534216631
-61.85526954982156
-62.430853179931646
-63.04286404343654
-63.64426536088242
-64.21807705347163
-64.8578240377638
-65.45878007835813
-66.06918831888835
-66.6362950802909
-67.20648746946122
-67.76965632523431
-68.36166440561082
-68.96286786969503
-69.51747145610386
-70.12188275591534
-70.7293584947586
-71.33584117073482
-71.97580900160472
-72.57453569380442
-73.16997910594941
-73.7589060908814
-74.34916128371056
-74.91140141225559
-75.52207661744168
-76.09877460486987
-76.7095166977888
-77.27767004783382
-77.82975429047151
-78.42516767278029
-79.01652144619555
-79.6020438464522
-80.17816512356306
-80.75755184309106
-81.30046999432749
-81.83262785140255
-82.42175150524942
-83.0217665503987
-83.58502480757865
-84.19221689343036
-84.73097178345397
-85.3845666302129
-85.96233001491478
-86.56599451849756
-87.16097940843147
-87.76059711667111
-88.36781725461861
-88.92551128504567
-89.47764498342549
-90.03214202200381
-90.6125433186696
-91.19595612987723
-91.76638039021742
-92.3215549396644
-92.89980845625485
-93.47245698303732
-94.08405564340987
-94.69775379461603
-95.29444940355044
-95.8925301665835
-96.46116592634642
-97.05026818467732
-97.62830870293733
-98.1749525683888
-98.74848093051243
-99.29292437529983
-99.8427463997289
-100.4597565406331
-101.01539284615767
-101.61063316413811
-102.22256935619889
-102.76404400358702
-103.31792835602006
-103.87844317914728
-104.44267695309823
-104.99593792711225
-105.55142165921863
-106.15501525428839
-106.73015116258256
-107.2918580604185
-107.85721982529289
-108.4523145293018
-109.05006287362279
-109.69490769917783
-110.2613926379611
-110.84225045499747
-111.37445650513409
-111.96832196614896
-112.5479993413847
-113.13384577677542
-113.70200146196599
-114.27148589501186
-114.83675639189336
-115.4000423490457
-115.96926609982944
-116.5037798093383
-117.05515808664286
-117.6085062477714
-118.18562522015932
-118.79825320025215
-119.37603240367822
-119.94866914478102
-120.49837497702258
-121.04990262952883
-121.60356935259055
-122.1433266960501
-122.70108923545637
-123.26301489855113
-123.83057884992077
-124.37070977642105
-124.91364301939736
-125.470919629532
-126.0410207985549
-126.6019686924226
-127.16162583198322
-127.73200257802708
-128.3013337924857
-128.86929148683492
-129.41237704674683
-129.97885801788797
-130.59935698169573
-131.20826931978527
-131.7934383854392
-132.35871185483987
-132.9542147375185
-133.56100689701728
-134.1218180712259
-134.71647123962535
-135.29807566035421
-135.89833893193696
-136.45421005517838
-136.99476537445693
-137.5842265767828
-138.18892273613446
-138.76356602505354
-139.30490874219637
-139.8476438852277
-140.42323785896747
-141.030081311488
-141.56023780940987
-142.1178625403287
-142.68005724602415
-143.28673297837463
-143.87823836488337
-144.41513720824705
-144.99132819145606
-145.56852545079016
-146.14090639858358
-146.70492288945294
-147.23656457100137
-147.7766884079314
-148.31520731483147
-148.89701095041198
-149.48316207842242
-150.01982650427792
-150.60227210416292
-151.1316513535795
-151.69816095526178
-152.26270132938185
-152.81896967516445
-153.367075033344
-153.94982580976875
-154.52189716481882
-155.07672246576053
-155.62921928249605
-156.19124523527583
-156.73475104240507
-157.31264244449906
-157.8819943727527
-158.4382974654415
-159.05372388698132
-159.611176434016
-160.1622533524142
-160.75615089346167
-161.33733717424926
-161.9008349932476
-162.45249424628503
-163.0220183178935
-163.53846672592255
-164.12339573366305
-164.6806220728313
-165.23860851902103
-165.79488597666273
-166.3435308670015
-166.94810965651996
-167.5319859410356
-168.02417609098455
-168.59516250785538
-169.17502732128503
-169.73876443508408
-170.32431051241872
-170.88301420772584
-171.4157378211479
-171.98358265577775
-172.51869414954092
-173.11303506609084
-173.60392610973915
-174.1565763290413
-174.71532989093322
-175.27219793288606
-175.87418286570446
-176.41678731291802
-176.99286520345586
-177.50790448789135
-178.02441040998903
-178.58542902148102
-179.13717805328145
-179.66612862686247
-180.22119880332264
-180.7365495003066
-181.29880482388563
-181.83268678769403
-182.43195805044743
-182.99548086757193
-183.5317681130883
-184.06184166905237
-184.603244520268
-185.15831727820387
-185.73253332179843
-186.27097025667157
-186.8613695083842
-187.38920739770802
-187.93738295564214
-188.47205698234757
-189.07345167238356
-189.60817779424508
-190.15169494043664
-190.66533131160537
-191.19550517668554
-191.72994917712626
-192.296879854148
-192.8455809908863
-193.4728823944907
-193.98409780888312
-194.5135045564353
-195.0581151599348
-195.60738365808888
-196.17187510038744
-196.7053598175529
-197.25163629359176
-197.83933198259422
-198.40273619543862
-198.96280884933824
-199.51611498303356
-200.08990809364693
-200.6555724940715
-201.19312165183223
-201.72890729490427
-202.29904458448803
-202.83799606002685
-203.39538379972052
-203.93358342873753
-204.41878599066823
-204.9319483784749
-205.50185034177818
-206.01650905950578
-206.59515953488253
-207.1401149805153
-207.67990995465544
-208.19897832134896
-208.72794259226833
-209.31440546361372
-209.90137652108504
-210.48969391952588
-211.02228713592285
-211.56841097592826
-212.11236456349528
-212.65955200477234
-213.2068921889199
-213.73870018384616
-214.2443311219738
-214.7806843365995
-215.33542378140464
-215.95994873494922
-216.51846822520525
-217.10155431599185
-217.63592098241722
-218.17825614474714
-218.70391130233094
-219.21951336978393
-219.7805878282908
-220.3500680934052
-220.92017034558415
-221.46530354627316
-222.02247441959008
-222.53907691502675
-223.07988815184356
-223.6485898656143
-224.21433940850716
-224.8027769207724
-225.32306339999658
-225.89040494782603
-226.45386368224047
-226.99049840636914
-227.54340640735165
-228.11338199143987
-228.65480475852854
-229.2146232285522
-229.79972109572554
-230.36197006734204
-230.93583946884092
-231.4683532595402
-232.05243945861721
-232.57495794639465
-233.12344695583295
-233.6549468446662
-234.19759541991323
-234.7790654228986
-235.3428638175999
-235.86224230495853
-236.40060231113125
-236.91137061677128
-237.41199271014827
-237.93728767353525
-238.4618638961364
-238.9946890164574
-239.55293022060883
-240.11821983118935
-240.66926171389886
-241.22186789830414
-241.79743439671475
-242.2937580917407
-242.84218625077128
-243.3720554332633
-243.90079874296174
-244.45875795513996
-245.00991138556023
-245.53632234888718
-246.0673097084379
-246.5911680139576
-247.08789672659128
-247.6107834342472
-248.15704147491581
-248.69186223321617
-249.27118139096103
-249.83362998232926
-250.36246683147291
-250.90757624309484
-251.44712767679496
-251.9838892858658
-252.57156626752715
-253.09973133994583
-253.63745067170206
-254.21455547321253
-254.7258590595671
-255.2421694200754
-255.81535639023477
-256.36662465631116
-256.91146961739065
-257.4048502450662
-257.95087688470767
-258.4675852952481
-259.0174351017643
-259.59058452753794
-260.1327160541295
-260.63946027935515
-261.18467937767787
-261.7117195343287
-262.2732505969067
-262.8143104643573
-263.3462449259156
-263.8889607107404
-264.4112392572605
-264.97643255451857
-265.52162045925866
-266.0711253841306
-266.6111635179397
-267.1384231470927
-267.6960922718441
-268.2362392873142
-268.78687939816336
-269.33082888965794
-269.85447930796045
-270.39495004850346
-270.9284985299792
-271.4604245547937
-271.95926019610965
-272.4271446295532
-272.9435152723482
-273.4594865170209
-274.0286233764153
-274.57736410021016
-275.0876768173907
-275.5490550932444
-276.1080773854746
-276.6607967489553
-277.2253496596622
-277.76300997629244
-278.31175467184164
-278.85042515858515
-279.40697040260164
-279.95694669093865
-280.4767370566881
-281.0385679973326
-281.5766605552147
-282.12146782330115
-282.68634117778237
-283.2052677319906
-283.7405864701487
-284.3021302653893
-284.8924018650125
-285.41369949220893
-285.88455052942595
-286.42542636617077
-286.95332922844534
